0.0000000E+0	2.8000000E+1
1.0000000E+0	4.7000000E+1
2.0000000E+0	3.4000000E+1
3.0000000E+0	3.9000000E+1
4.0000000E+0	3.3000000E+1
5.0000000E+0	4.1000000E+1
6.0000000E+0	4.2000000E+1
7.0000000E+0	5.5000000E+1
8.0000000E+0	3.8000000E+1
9.0000000E+0	3.5000000E+1
1.0000000E+1	3.6000000E+1
1.1000000E+1	4.6000000E+1
1.2000000E+1	2.3000000E+1
1.3000000E+1	4.5000000E+1
1.4000000E+1	3.1000000E+1
1.5000000E+1	5.1000000E+1
1.6000000E+1	3.3000000E+1
1.7000000E+1	3.5000000E+1
1.8000000E+1	4.7000000E+1
1.9000000E+1	3.1000000E+1
2.0000000E+1	3.8000000E+1
2.1000000E+1	4.1000000E+1
2.2000000E+1	4.5000000E+1
2.3000000E+1	3.7000000E+1
2.4000000E+1	3.9000000E+1
2.5000000E+1	3.7000000E+1
2.6000000E+1	5.2000000E+1
2.7000000E+1	3.9000000E+1
2.8000000E+1	3.8000000E+1
2.9000000E+1	3.9000000E+1
3.0000000E+1	3.9000000E+1
3.1000000E+1	3.5000000E+1
3.2000000E+1	4.1000000E+1
3.3000000E+1	4.6000000E+1
3.4000000E+1	3.4000000E+1
3.5000000E+1	4.2000000E+1
3.6000000E+1	2.2000000E+1
3.7000000E+1	3.4000000E+1
3.8000000E+1	4.3000000E+1
3.9000000E+1	4.7000000E+1
4.0000000E+1	4.1000000E+1
4.1000000E+1	4.0000000E+1
4.2000000E+1	3.2000000E+1
4.3000000E+1	3.6000000E+1
4.4000000E+1	3.7000000E+1
4.5000000E+1	4.9000000E+1
4.6000000E+1	3.2000000E+1
4.7000000E+1	3.3000000E+1
4.8000000E+1	3.7000000E+1
4.9000000E+1	4.4000000E+1
5.0000000E+1	3.9000000E+1
5.1000000E+1	4.0000000E+1
5.2000000E+1	4.6000000E+1
5.3000000E+1	5.1000000E+1
5.4000000E+1	3.7000000E+1
5.5000000E+1	3.5000000E+1
5.6000000E+1	4.9000000E+1
5.7000000E+1	3.3000000E+1
5.8000000E+1	3.1000000E+1
5.9000000E+1	4.7000000E+1
6.0000000E+1	3.0000000E+1
6.1000000E+1	4.7000000E+1
6.2000000E+1	3.4000000E+1
6.3000000E+1	3.2000000E+1
6.4000000E+1	3.7000000E+1
6.5000000E+1	3.5000000E+1
6.6000000E+1	4.2000000E+1
6.7000000E+1	4.7000000E+1
6.8000000E+1	3.3000000E+1
6.9000000E+1	3.2000000E+1
7.0000000E+1	4.0000000E+1
7.1000000E+1	3.2000000E+1
7.2000000E+1	3.4000000E+1
7.3000000E+1	3.4000000E+1
7.4000000E+1	4.2000000E+1
7.5000000E+1	3.5000000E+1
7.6000000E+1	3.8000000E+1
7.7000000E+1	4.0000000E+1
7.8000000E+1	2.9000000E+1
7.9000000E+1	4.0000000E+1
8.0000000E+1	4.6000000E+1
8.1000000E+1	3.5000000E+1
8.2000000E+1	3.5000000E+1
8.3000000E+1	4.2000000E+1
8.4000000E+1	3.9000000E+1
8.5000000E+1	3.5000000E+1
8.6000000E+1	3.8000000E+1
8.7000000E+1	3.0000000E+1
8.8000000E+1	4.5000000E+1
8.9000000E+1	3.7000000E+1
9.0000000E+1	4.4000000E+1
9.1000000E+1	5.2000000E+1
9.2000000E+1	3.4000000E+1
9.3000000E+1	3.9000000E+1
9.4000000E+1	2.6000000E+1
9.5000000E+1	4.2000000E+1
9.6000000E+1	3.4000000E+1
9.7000000E+1	3.8000000E+1
9.8000000E+1	4.2000000E+1
9.9000000E+1	3.2000000E+1
1.0000000E+2	3.4000000E+1
1.0100000E+2	3.0000000E+1
1.0200000E+2	4.8000000E+1
1.0300000E+2	3.3000000E+1
1.0400000E+2	5.2000000E+1
1.0500000E+2	3.4000000E+1
1.0600000E+2	3.8000000E+1
1.0700000E+2	3.9000000E+1
1.0800000E+2	3.7000000E+1
1.0900000E+2	4.7000000E+1
1.1000000E+2	3.7000000E+1
1.1100000E+2	3.9000000E+1
1.1200000E+2	2.8000000E+1
1.1300000E+2	3.7000000E+1
1.1400000E+2	4.5000000E+1
1.1500000E+2	4.4000000E+1
1.1600000E+2	4.3000000E+1
1.1700000E+2	5.2000000E+1
1.1800000E+2	4.1000000E+1
1.1900000E+2	4.1000000E+1
1.2000000E+2	3.9000000E+1
1.2100000E+2	3.8000000E+1
1.2200000E+2	4.6000000E+1
1.2300000E+2	3.2000000E+1
1.2400000E+2	3.9000000E+1
1.2500000E+2	4.0000000E+1
1.2600000E+2	4.5000000E+1
1.2700000E+2	4.1000000E+1
1.2800000E+2	4.1000000E+1
1.2900000E+2	3.6000000E+1
1.3000000E+2	4.3000000E+1
1.3100000E+2	4.0000000E+1
1.3200000E+2	3.6000000E+1
1.3300000E+2	3.2000000E+1
1.3400000E+2	2.7000000E+1
1.3500000E+2	3.0000000E+1
1.3600000E+2	3.8000000E+1
1.3700000E+2	4.6000000E+1
1.3800000E+2	4.6000000E+1
1.3900000E+2	3.5000000E+1
1.4000000E+2	3.8000000E+1
1.4100000E+2	3.2000000E+1
1.4200000E+2	4.0000000E+1
1.4300000E+2	4.0000000E+1
1.4400000E+2	3.5000000E+1
1.4500000E+2	3.9000000E+1
1.4600000E+2	3.9000000E+1
1.4700000E+2	3.3000000E+1
1.4800000E+2	3.9000000E+1
1.4900000E+2	4.9000000E+1
1.5000000E+2	4.6000000E+1
1.5100000E+2	4.6000000E+1
1.5200000E+2	4.7000000E+1
1.5300000E+2	4.1000000E+1
1.5400000E+2	3.7000000E+1
1.5500000E+2	3.0000000E+1
1.5600000E+2	3.7000000E+1
1.5700000E+2	5.0000000E+1
1.5800000E+2	4.5000000E+1
1.5900000E+2	5.7000000E+1
1.6000000E+2	3.2000000E+1
1.6100000E+2	4.0000000E+1
1.6200000E+2	2.9000000E+1
1.6300000E+2	3.9000000E+1
1.6400000E+2	3.6000000E+1
1.6500000E+2	4.7000000E+1
1.6600000E+2	2.7000000E+1
1.6700000E+2	5.4000000E+1
1.6800000E+2	3.3000000E+1
1.6900000E+2	3.5000000E+1
1.7000000E+2	3.9000000E+1
1.7100000E+2	3.8000000E+1
1.7200000E+2	4.1000000E+1
1.7300000E+2	3.5000000E+1
1.7400000E+2	4.4000000E+1
1.7500000E+2	3.9000000E+1
1.7600000E+2	4.5000000E+1
1.7700000E+2	3.9000000E+1
1.7800000E+2	3.5000000E+1
